国家面积（km²）人口（人）GDP（亿美元）人均GDP（美元）
美国 9629091 317408015 167997 531012
中国 9670250 1392358258 99960 7179
日本 377873 127270000 49015 38491
德国 357022 81751602 36360 44999
法国 551500 65821885 27374 43000
英国 242900 62435709 25358 39567
巴西 8514877 201032714 22429 11311
俄罗斯 17124442 2143551289 21180 14819
意大利 301318 60626442 20719 34715
印度 2980000 1247923065 18707 1505
加拿大 9984670 34591000 18251 51990
澳大利亚 7692024 23540517 15053 64863
西班牙 505992 46125154 13587 29150
墨西哥 1916068 112336538 12585 10630
韩国 99600 50400000 12218 24329
印尼 1904569 237556363 8703 3510
土耳其 783562 73722988 8272 10815
荷兰 41528 16697800 8000 47634
沙特阿拉伯 2149690 27136977 7452.7 24847
瑞士 41284 7866500 6508 81324
瑞典 449964 9440588 5579 57909
波兰 312685 38501000 5161 13394
挪威 385054 5144600 5112.5 100318
尼日利亚 923768 166629000 5099 3060
比利时 30528 10918405 5065.6 45384
阿根廷 2780400 40091359 4882 11766
奥地利 83858 8404252 4153.6 48957
阿联酋 83600 8264070 3962 43876
泰国 513115 67041000 3871.6 5674
哥伦比亚 1138914 47503000 3818 8098
委内瑞拉 912050 30490000 3739.7 12472
伊朗 1648195 78356000 3662.5 4751
南非 1221037 50586757 3507.7 6621
丹麦 43094 5564219 3309.5 59191
马来西亚 329847 28334135 3124 10548
新加坡 704 5076700 2957 54776
以色列 221451 7759300 2915 37035
智利 756096 17675800 2769.7 15776
菲律宾 300000 103775002 2720 2790
埃及 1001449 85400000 2714 3226
芬兰 338145 5449950 2569 47129
希腊 131957 10787690 2417.9 21857
巴基斯坦 880254 185504989 2387 1308
伊拉克 438317 31672000 2293 6594
哈萨克斯坦 2724900 16518000 2203 12843
葡萄牙 91982106369792199.720728
爱尔兰 70273 4581269 2178.8 45621
秘鲁 1285216 29461933 2065 6674
阿尔及利亚 2381741 36300000 2060.9 5438
卡塔尔 11000 1696563 2025.6 100260
捷克 78866 10535811 1983 18858
罗马尼亚 238391 21413815 1896.5 8910
科威特 17818 2737000 1853 47639
新西兰 270534 4499800 1813 40481
乌克兰 603700 45706126 1778 3919
越南 331689 88780000 1705.6 1902
孟加拉国 143998 156676000 1412.7 904
匈牙利 93032 9986000 1324 13405
安哥拉 1246700 19082000 1217 5846
摩洛哥 446550 33123000 1051 3199
斯洛伐克 49033 5435273 958 17706
厄瓜多尔 283561 14306876 941 5968
阿曼 309500 2694094 805.7 25289
古巴 110861 11241161 790 7028
叙利亚 185180 23695000 736 3105
阿塞拜疆 86600 9165000 735 7900
白俄罗斯 207600 9503807 717 7577
苏丹 1886068 30894000 701 2040
利比亚 1759540 6355000 676 11046
斯里兰卡 65610 20653000 658 3162
多米尼加共和国 48671 10148818 607.6 5834
卢森堡 2586 502100 598 110424
克罗地亚 56538 4290612 580.5 13562
乌兹别克斯坦 447400 27445000 564.7 1868
缅甸 676578 60280000 564 869
乌拉圭 175016 3356584 563 16609

